Timestamp	TagValue	x	y	width	height	visible
0.994063	5	633.268005	228.969864	117.609924	59.518234	1
0.994289	4	782.905334	233.353775	58.295288	78.820251	1
0.996017	1	654.304260	118.648415	46.157837	46.157852	1
0.996107	2	818.775208	209.490265	131.262817	87.374680	1
0.997184	3	534.253906	117.848228	68.328491	72.850922	1
1.079821	1	655.715149	74.859848	44.430176	42.802956	1
1.079904	2	815.688416	119.439964	128.646667	112.350502	1
1.079983	3	541.617859	72.976501	67.552307	73.587784	1
1.080044	4	781.275391	172.370575	58.021484	87.913361	1
1.080085	5	634.364624	166.947876	115.602783	76.914200	1
1.099136	2	815.688538	108.099922	128.646606	114.669060	1
1.099199	4	781.275391	163.590622	58.021545	88.807594	1
1.099242	5	634.364624	158.068954	115.602844	78.503334	1
1.115839	2	815.688599	96.061989	128.646790	117.130264	1
1.115943	4	781.275452	154.270355	58.021484	89.756866	1
1.115972	5	634.364563	148.643661	115.602844	80.190216	1
1.132851	2	815.688660	89.781303	128.646729	118.414391	1
1.149102	2	814.999146	82.061172	127.788391	110.683159	1
1.149202	4	781.275635	139.276886	58.021545	91.283981	1
1.149231	5	634.364502	133.481262	115.602844	82.903954	1
1.165398	2	814.302856	80.873390	128.959595	119.262894	1
1.165477	5	634.364502	128.153900	115.602844	83.857422	1
1.182701	4	781.493225	148.759766	58.340149	91.064964	1
1.215975	4	781.703369	157.078552	58.634644	90.839569	1
1.381305	1	655.714722	61.720074	44.430237	42.717209	1
1.497362	5	635.119385	124.533119	117.390564	79.391212	1
1.662779	4	784.577576	151.379974	62.661133	99.720818	1
1.695754	4	784.798645	141.936661	62.970520	101.447502	1
1.729133	4	783.326843	142.461288	59.610352	92.210762	1
1.762190	4	781.018311	147.014786	61.435303	96.044212	1
1.795087	4	778.785156	149.707443	64.130371	105.099091	1
1.994492	4	767.656677	145.150162	72.295654	88.955505	1
2.027531	4	766.116089	142.173096	72.313843	76.225876	1
2.060659	4	764.714783	137.987442	73.575378	84.237213	1
2.093521	4	763.540344	132.543182	75.104309	97.017662	1
